4294967278,220
4294967279,220
4294967279,217
4294967278,216
4294967279,215
4294967278,213
4294967278,211
4294967279,211
4294967279,210
4294967278,209
4294967279,209
4294967278,208
4294967278,207
4294967279,207
4294967279,556
4294967278,204
4294967278,202
4294967279,202
4294967278,201
4294967279,201
4294967279,198
4294967278,197
4294967279,197
4294967278,196
4294967278,363
4294967278,186
4294967278,185
4294967278,184
4294967279,184
4294967278,183
4294967278,181
113,4
113,3
113,2
113,1
4294967278,180
4294967294,485
4294967278,178
112,4
112,3
112,2
112,1
4294967294,1419
4294967278,176
4294967278,175
111,4
111,3
111,2
111,1
4294967278,169
110,5
110,4
110,3
110,2
110,1
4294967278,165
4294967294,407
4294967294,183
4294967294,444
4294967294,1172
4294967294,167
4294967294,169
109,6
4294967294,484
4294967279,327
4294967278,160
109,5
4294967279,159
4294967278,158
109,4
109,3
109,2
109,1
108,5
108,4
4294967279,150
108,3
108,2
108,1
4294967278,150
4294967278,144
107,5
4294967278,142
107,4
107,3
107,2
107,1
4294967278,291
4294967279,547
106,5
106,4
106,3
106,2
106,1
4294967278,391
4294967294,483
4294967279,525
4294967278,285
4294967278,284
104,4
104,3
104,2
104,1
4294967279,259
4294967278,390
4294967278,359
4294967279,516
4294967279,80
4294967279,79
4294967279,78
4294967279,77
4294967279,76
4294967279,75
4294967279,74
4294967279,73
4294967279,72
4294967279,71
4294967279,70
4294967279,69
4294967279,68
4294967279,67
4294967279,66
4294967279,65
4294967279,64
4294967279,63
4294967279,62
4294967279,61
4294967279,60
103,4
103,3
103,2
103,1
4294967278,358
4294967294,18
4294967294,127
4294967294,14
4294967294,126
4294967294,20
4294967294,13
4294967294,97
4294967279,115
4294967279,114
4294967279,113
4294967279,112
4294967279,111
4294967279,110
4294967279,109
4294967279,108
4294967279,107
4294967279,106
4294967279,105
4294967279,104
4294967279,103
4294967279,102
4294967279,101
4294967279,100
4294967279,99
4294967279,98
4294967279,97
4294967279,96
4294967279,95
4294967279,94
4294967279,93
4294967279,92
4294967279,91
4294967279,90
4294967279,89
4294967279,87
4294967279,86
4294967279,85
4294967279,84
4294967279,83
4294967279,82
4294967279,81
4294967279,541
4294967294,1095
4294967294,1093
4294967294,1089
4294967294,1011
4294967294,421
4294967294,190
4294967294,185
4294967294,182
4294967294,163
102,4
102,3
102,2
102,1
4294967278,36
4294967278,33
4294967278,32
4294967278,31
4294967278,30
4294967278,28
4294967278,27
4294967278,26
4294967278,25
4294967278,23
4294967278,22
4294967278,21
4294967278,20
4294967278,19
4294967278,18
4294967278,17
4294967278,16
4294967278,15
4294967278,14
4294967278,13
4294967278,12
4294967278,11
4294967278,10
4294967278,9
4294967278,8
4294967278,7
4294967278,6
4294967278,5
4294967278,4
4294967279,132
4294967279,131
4294967279,130
4294967279,129
4294967279,128
4294967279,127
4294967279,126
4294967279,125
4294967279,124
4294967279,123
4294967279,122
4294967279,121
4294967279,120
4294967279,119
4294967279,118
4294967279,117
4294967279,116
4294967279,22
4294967279,13
4294967279,11
4294967279,10
101,4
101,3
101,2
101,1
4294967279,326
4294967278,318
4294967278,199
100,5
100,4
100,3
100,2
100,1
4294967294,395
4294967294,409
4294967294,413
4294967294,179
4294967294,385
4294967294,1171
4294967294,403
4294967294,384
4294967294,119
4294967294,400
4294967294,465
4294967294,411
4294967279,306
99,6
4294967279,546
4294967279,545
99,5
99,4
99,3
99,2
99,1
4294967278,313
4294967294,389
4294967279,534
4294967278,349
4294967278,348
98,5
98,4
98,3
98,2
98,1
4294967278,343
4294967278,173
4294967278,172
97,5
97,4
97,3
97,2
97,1
4294967278,168
4294967278,167
4294967278,166
96,5
4294967294,176
96,4
4294967278,163
96,3
96,2
96,1
4294967278,389
4294967278,159
4294967278,362
4294967278,157
4294967279,288
4294967278,156
4294967279,529
4294967279,550
4294967278,388
94,4
4294967278,152
94,3
94,2
94,1
4294967278,151
4294967279,549
4294967294,114
4294967278,295
4294967278,294
4294967279,286
4294967278,338
4294967279,285
4294967278,360
4294967279,325
4294967294,89
4294967278,143
4294967278,141
4294967278,140
4294967278,138
93,4
93,3
93,2
93,1
4294967279,324
4294967278,277
4294967278,136
4294967279,133
4294967279,282
92,5
4294967279,271
4294967279,270
92,4
92,3
92,2
92,1
4294967279,524
91,6
91,5
4294967279,262
91,4
91,3
91,2
91,1
4294967279,258
4294967294,120
4294967294,412
4294967294,464
4294967279,257
4294967279,256
90,5
90,4
4294967279,253
90,3
90,2
90,1
4294967278,258
4294967294,392
4294967294,388
4294967294,387
4294967279,519
4294967278,35
4294967278,34
4294967278,29
4294967278,24
4294967279,20
4294967278,257
4294967278,387
4294967279,514
4294967278,330
89,5
89,4
89,3
89,2
89,1
4294967278,249
4294967279,317
4294967279,323
88,5
88,4
88,3
88,2
88,1
4294967278,239
4294967278,326
4294967278,235
4294967279,228
86,4
86,3
86,2
86,1
4294967278,219
4294967279,218
4294967278,217
4294967294,99
4294967294,76
85,4
85,3
85,2
85,1
0,7
4294967294,82
4294967278,322
4294967294,468
4294967294,1001
4294967294,186
4294967294,1000
4294967294,1
4294967294,0
4294967294,1175
4294967279,322
4294967278,320
4294967294,393
4294967294,390
4294967294,115
4294967294,424
4294967294,2
4294967279,321
4294967279,320
4294967279,0
4294967278,356
4294967294,29
4294967279,309
4294967279,310
4294967294,30
4294967294,1167
4294967294,1166
4294967294,1164
4294967294,1163
4294967294,1158
4294967294,1019
4294967294,992
4294967294,990
4294967294,989
4294967294,988
4294967294,987
4294967294,60
4294967279,18
4294967279,17
4294967279,15
4294967294,46
4294967294,44
4294967294,41
4294967294,107
4294967294,42
4294967294,1422
4294967294,1421
4294967294,28
4294967294,91
4294967294,90
4294967294,87
4294967294,86
4294967294,85
4294967294,84
4294967294,419
4294967294,1174
4294967294,1173
4294967294,1017
4294967294,53
4294967294,417
4294967294,51
4294967294,52
4294967294,45
4294967294,427
4294967279,537
4294967278,195
4294967294,96
4294967294,94
84,5
84,4
84,3
84,2
84,1
4294967278,351
4294967294,9
4294967294,8
4294967294,92
4294967294,88
4294967294,1098
4294967278,132
4294967278,131
4294967278,130
4294967278,0
4294967278,128
4294967278,127
4294967278,126
4294967278,125
4294967278,124
4294967278,123
4294967278,122
4294967278,121
4294967278,120
4294967278,119
4294967278,118
4294967278,117
4294967278,116
4294967278,115
4294967278,114
4294967278,113
4294967278,112
4294967278,111
4294967278,110
4294967278,109
4294967278,108
4294967278,107
4294967278,106
4294967278,105
4294967278,104
4294967278,103
